12
1 0 0
0 1 0
0 0 1
-0.5 0.866025404 0
-0.866025404 -0.5 0
0 0 1
-0.5 -0.866025404 0
0.866025404 -0.5 0
0 0 1
0.5 0.866025404 0
-0.866025404 0.5 0
0 0 1
-1 0 0
0 -1 0
0 0 1
0.5 -0.866025404 0
0.866025404 0.5 0
0 0 1
-0.5 -0.866025404 0
-0.866025404 0.5 0
0 0 -1
1 0 0
0 -1 0
0 0 -1
-0.5 0.866025404 0
0.866025404 -0.5 0
0 0 -1
-1 0 0
0 1 0
0 0 -1
0.5 -0.866025404 0
-0.866025404 -0.5 0
0 0 -1

